Pixel index: ipix; Position in the focal plane: x[m]  y[m]  f[m]; Line of Sight: dir_x dir_y dirz; Azimuth [deg]; Elevation [deg];
0  -0.002235  0  0.5262  -0.00424739612275053  0  0.999990979772406  90  89.7566413965299
1  -0.002205  0  0.5262  -0.00419038510216013  0  0.999991220297806  90  89.7599079164668
2  -0.002175  0  0.5262  -0.00413337404070952  0  0.999991457573033  90  89.7631744379637
3  -0.002145  0  0.5262  -0.00407636293895455  0  0.99999169159808  90  89.7664409610002
4  -0.002115  0  0.5262  -0.0040193517974511  0  0.99999192237294  90  89.7697074855562
5  -0.002085  0  0.5262  -0.00396234061675505  0  0.999992149897606  90  89.7729740116084
6  -0.002055  0  0.5262  -0.00390532939742229  0  0.999992374172072  90  89.7762405391356
7  -0.002025  0  0.5262  -0.00384831814000869  0  0.999992595196331  90  89.7795070681183
8  -0.001995  0  0.5262  -0.00379130684507013  0  0.999992812970377  90  89.782773598534
9  -0.001965  0  0.5262  -0.0037342955131625  0  0.999993027494202  90  89.7860401303621
10  -0.001935  0  0.5262  -0.00367728414484169  0  0.999993238767802  90  89.7893066635823
11  -0.001905  0  0.5262  -0.00362027274066358  0  0.999993446791169  90  89.7925731981711
12  -0.001875  0  0.5262  -0.00356326130118407  0  0.999993651564298  90  89.7958397341069
13  -0.001845  0  0.5262  -0.00350624982695905  0  0.999993853087183  90  89.7991062713719
14  -0.001815  0  0.5262  -0.00344923831854441  0  0.999994051359818  90  89.8023728099414
15  -0.001785  0  0.5262  -0.00339222677649605  0  0.999994246382196  90  89.8056393497965
16  -0.001755  0  0.5262  -0.00333521520136986  0  0.999994438154313  90  89.8089058909149
17  -0.001725  0  0.5262  -0.00327820359372174  0  0.999994626676163  90  89.8121724332762
18  -0.001695  0  0.5262  -0.0032211919541076  0  0.99999481194774  90  89.8154389768588
19  -0.001665  0  0.5262  -0.00316418028308333  0  0.999994993969038  90  89.8187055216389
20  -0.001635  0  0.5262  -0.00310716858120484  0  0.999995172740053  90  89.8219720675992
21  -0.001605  0  0.5262  -0.00305015684902803  0  0.999995348260779  90  89.8252386147167
22  -0.001575  0  0.5262  -0.00299314508710881  0  0.999995520531211  90  89.8285051629707
23  -0.001545  0  0.5262  -0.00293613329600309  0  0.999995689551344  90  89.8317717123387
24  -0.001515  0  0.5262  -0.00287912147626678  0  0.999995855321173  90  89.8350382628005
25  -0.001485  0  0.5262  -0.00282210962845578  0  0.999996017840694  90  89.8383048143343
26  -0.001455  0  0.5262  -0.00276509775312601  0  0.999996177109901  90  89.8415713669206
27  -0.001425  0  0.5262  -0.00270808585083338  0  0.999996333128789  90  89.8448379205359
28  -0.001395  0  0.5262  -0.00265107392213381  0  0.999996485897355  90  89.8481044751591
29  -0.001365  0  0.5262  -0.00259406196758321  0  0.999996635415594  90  89.851371030772
30  -0.001335  0  0.5262  -0.0025370499877375  0  0.999996781683501  90  89.8546375873471
31  -0.001305  0  0.5262  -0.0024800379831526  0  0.999996924701072  90  89.8579041448719
32  -0.001275  0  0.5262  -0.00242302595438443  0  0.999997064468303  90  89.8611707033167
33  -0.001245  0  0.5262  -0.00236601390198891  0  0.999997200985191  90  89.864437262665
34  -0.001215  0  0.5262  -0.00230900182652195  0  0.999997334251729  90  89.8677038228956
35  -0.001185  0  0.5262  -0.00225198972853949  0  0.999997464267916  90  89.8709703839876
36  -0.001155  0  0.5262  -0.00219497760859745  0  0.999997591033747  90  89.8742369459149
37  -0.001125  0  0.5262  -0.00213796546725175  0  0.999997714549219  90  89.877503508663
38  -0.001095  0  0.5262  -0.00208095330505832  0  0.999997834814327  90  89.8807700722065
39  -0.001065  0  0.5262  -0.00202394112257309  0  0.999997951829069  90  89.8840366365233
40  -0.001035  0  0.5262  -0.00196692892035198  0  0.99999806559344  90  89.8873032015945
41  -0.001005  0  0.5262  -0.00190991669895092  0  0.999998176107438  90  89.8905697673989
42  -0.000975  0  0.5262  -0.00185290445892585  0  0.99999828337106  90  89.8938363339157
43  -0.000945  0  0.5262  -0.0017958922008327  0  0.999998387384301  90  89.8971029011212
44  -0.000915  0  0.5262  -0.00173887992522739  0  0.99999848814716  90  89.9003694689991
45  -0.000885  0  0.5262  -0.00168186763266586  0  0.999998585659633  90  89.9036360375194
46  -0.000855  0  0.5262  -0.00162485532370404  0  0.999998679921717  90  89.9069026066707
47  -0.000825  0  0.5262  -0.00156784299889788  0  0.99999877093341  90  89.9101691764236
48  -0.000795  0  0.5262  -0.00151083065880329  0  0.999998858694709  90  89.9134357467605
49  -0.000765  0  0.5262  -0.00145381830397623  0  0.999998943205611  90  89.9167023176608
50  -0.000735  0  0.5262  -0.00139680593497262  0  0.999999024466114  90  89.9199688891044
51  -0.000705  0  0.5262  -0.00133979355234841  0  0.999999102476216  90  89.9232354610677
52  -0.000675  0  0.5262  -0.00128278115665952  0  0.999999177235914  90  89.9265020335271
53  -0.000645  0  0.5262  -0.00122576874846191  0  0.999999248745206  90  89.9297686064697
54  -0.000615  0  0.5262  -0.00116875632831151  0  0.999999317004089  90  89.9330351798634
55  -0.000585  0  0.5262  -0.00111174389676425  0  0.999999382012563  90  89.9363017536975
56  -0.000555  0  0.5262  -0.00105473145437609  0  0.999999443770625  90  89.9395683279403
57  -0.000525  0  0.5262  -0.000997719001702952  0  0.999999502278273  90  89.942834902584
58  -0.000495  0  0.5262  -0.000940706539300789  0  0.999999557535506  90  89.9461014775915
59  -0.000465  0  0.5262  -0.00088369406772554  0  0.999999609542321  90  89.9493680529512
60  -0.000435  0  0.5262  -0.000826681587533148  0  0.999999658298718  90  89.9526346286401
61  -0.000405  0  0.5262  -0.000769669099279554  0  0.999999703804695  90  89.9559012046356
62  -0.000375  0  0.5262  -0.000712656603520703  0  0.999999746060251  90  89.9591677809249
63  -0.000345  0  0.5262  -0.000655644100812538  0  0.999999785065383  90  89.9624343574707
64  -0.000315  0  0.5262  -0.000598631591711002  0  0.999999820820093  90  89.9657009342733
65  -0.000285  0  0.5262  -0.00054161907677204  0  0.999999853324377  90  89.9689675112851
66  -0.000255  0  0.5262  -0.000484606556551597  0  0.999999882578236  90  89.9722340885008
67  -0.000225  0  0.5262  -0.000427594031605616  0  0.999999908581668  90  89.9755006659102
68  -0.000195  0  0.5262  -0.000370581502490044  0  0.999999931334673  90  89.9787672434616
69  -0.000165  0  0.5262  -0.000313568969760825  0  0.999999950837249  90  89.9820338211647
70  -0.000135  0  0.5262  -0.000256556433973905  0  0.999999967089398  90  89.9853003989613
71  -0.000105  0  0.5262  -0.000199543895685229  0  0.999999980091117  90  89.9885669768827
72  -7.5e-05  0  0.5262  -0.000142531355450742  0  0.999999989842406  90  89.9918335548728
73  -4.5e-05  0  0.5262  -8.55188138263911e-05  0  0.999999996343266  90  89.9951001329412
74  -1.5e-05  0  0.5262  -2.85062713681213e-05  0  0.999999999593696  90  89.9983667109313
75  1.5e-05  0  0.5262  2.85062713681213e-05  0  0.999999999593696  270  89.9983667109313
76  4.5e-05  0  0.5262  8.55188138263911e-05  0  0.999999996343266  270  89.9951001329412
77  7.5e-05  0  0.5262  0.000142531355450742  0  0.999999989842406  270  89.9918335548728
78  0.000105  0  0.5262  0.000199543895685229  0  0.999999980091117  270  89.9885669768827
79  0.000135  0  0.5262  0.000256556433973905  0  0.999999967089398  270  89.9853003989613
80  0.000165  0  0.5262  0.000313568969760825  0  0.999999950837249  270  89.9820338211647
81  0.000195  0  0.5262  0.000370581502490044  0  0.999999931334673  270  89.9787672434616
82  0.000225  0  0.5262  0.000427594031605616  0  0.999999908581668  270  89.9755006659102
83  0.000255  0  0.5262  0.000484606556551597  0  0.999999882578236  270  89.9722340885008
84  0.000285  0  0.5262  0.00054161907677204  0  0.999999853324377  270  89.9689675112851
85  0.000315  0  0.5262  0.000598631591711002  0  0.999999820820093  270  89.9657009342733
86  0.000345  0  0.5262  0.000655644100812538  0  0.999999785065383  270  89.9624343574707
87  0.000375  0  0.5262  0.000712656603520703  0  0.999999746060251  270  89.9591677809249
88  0.000405  0  0.5262  0.000769669099279554  0  0.999999703804695  270  89.9559012046356
89  0.000435  0  0.5262  0.000826681587533148  0  0.999999658298718  270  89.9526346286401
90  0.000465  0  0.5262  0.00088369406772554  0  0.999999609542321  270  89.9493680529512
91  0.000495  0  0.5262  0.000940706539300789  0  0.999999557535506  270  89.9461014775915
92  0.000525  0  0.5262  0.000997719001702952  0  0.999999502278273  270  89.942834902584
93  0.000555  0  0.5262  0.00105473145437609  0  0.999999443770625  270  89.9395683279403
94  0.000585  0  0.5262  0.00111174389676425  0  0.999999382012563  270  89.9363017536975
95  0.000615  0  0.5262  0.00116875632831151  0  0.999999317004089  270  89.9330351798634
96  0.000645  0  0.5262  0.00122576874846191  0  0.999999248745206  270  89.9297686064697
97  0.000675  0  0.5262  0.00128278115665952  0  0.999999177235914  270  89.9265020335271
98  0.000705  0  0.5262  0.00133979355234841  0  0.999999102476216  270  89.9232354610677
99  0.000735  0  0.5262  0.00139680593497262  0  0.999999024466114  270  89.9199688891044
100  0.000765  0  0.5262  0.00145381830397623  0  0.999998943205611  270  89.9167023176608
101  0.000795  0  0.5262  0.00151083065880329  0  0.999998858694709  270  89.9134357467605
102  0.000825  0  0.5262  0.00156784299889788  0  0.99999877093341  270  89.9101691764236
103  0.000855  0  0.5262  0.00162485532370404  0  0.999998679921717  270  89.9069026066707
104  0.000885  0  0.5262  0.00168186763266586  0  0.999998585659633  270  89.9036360375194
105  0.000915  0  0.5262  0.00173887992522739  0  0.99999848814716  270  89.9003694689991
106  0.000945  0  0.5262  0.0017958922008327  0  0.999998387384301  270  89.8971029011212
107  0.000975  0  0.5262  0.00185290445892585  0  0.99999828337106  270  89.8938363339157
108  0.001005  0  0.5262  0.00190991669895092  0  0.999998176107438  270  89.8905697673989
109  0.001035  0  0.5262  0.00196692892035198  0  0.99999806559344  270  89.8873032015945
110  0.001065  0  0.5262  0.00202394112257309  0  0.999997951829069  270  89.8840366365233
111  0.001095  0  0.5262  0.00208095330505832  0  0.999997834814327  270  89.8807700722065
112  0.001125  0  0.5262  0.00213796546725175  0  0.999997714549219  270  89.877503508663
113  0.001155  0  0.5262  0.00219497760859745  0  0.999997591033747  270  89.8742369459149
114  0.001185  0  0.5262  0.00225198972853949  0  0.999997464267916  270  89.8709703839876
115  0.001215  0  0.5262  0.00230900182652195  0  0.999997334251729  270  89.8677038228956
116  0.001245  0  0.5262  0.00236601390198891  0  0.999997200985191  270  89.864437262665
117  0.001275  0  0.5262  0.00242302595438443  0  0.999997064468303  270  89.8611707033167
118  0.001305  0  0.5262  0.0024800379831526  0  0.999996924701072  270  89.8579041448719
119  0.001335  0  0.5262  0.0025370499877375  0  0.999996781683501  270  89.8546375873471
120  0.001365  0  0.5262  0.00259406196758321  0  0.999996635415594  270  89.851371030772
121  0.001395  0  0.5262  0.00265107392213381  0  0.999996485897355  270  89.8481044751591
122  0.001425  0  0.5262  0.00270808585083338  0  0.999996333128789  270  89.8448379205359
123  0.001455  0  0.5262  0.00276509775312601  0  0.999996177109901  270  89.8415713669206
124  0.001485  0  0.5262  0.00282210962845578  0  0.999996017840694  270  89.8383048143343
125  0.001515  0  0.5262  0.00287912147626678  0  0.999995855321173  270  89.8350382628005
126  0.001545  0  0.5262  0.00293613329600309  0  0.999995689551344  270  89.8317717123387
127  0.001575  0  0.5262  0.00299314508710881  0  0.999995520531211  270  89.8285051629707
128  0.001605  0  0.5262  0.00305015684902803  0  0.999995348260779  270  89.8252386147167
129  0.001635  0  0.5262  0.00310716858120484  0  0.999995172740053  270  89.8219720675992
130  0.001665  0  0.5262  0.00316418028308333  0  0.999994993969038  270  89.8187055216389
131  0.001695  0  0.5262  0.0032211919541076  0  0.99999481194774  270  89.8154389768588
132  0.001725  0  0.5262  0.00327820359372174  0  0.999994626676163  270  89.8121724332762
133  0.001755  0  0.5262  0.00333521520136986  0  0.999994438154313  270  89.8089058909149
134  0.001785  0  0.5262  0.00339222677649605  0  0.999994246382196  270  89.8056393497965
135  0.001815  0  0.5262  0.00344923831854441  0  0.999994051359818  270  89.8023728099414
136  0.001845  0  0.5262  0.00350624982695905  0  0.999993853087183  270  89.7991062713719
137  0.001875  0  0.5262  0.00356326130118407  0  0.999993651564298  270  89.7958397341069
138  0.001905  0  0.5262  0.00362027274066358  0  0.999993446791169  270  89.7925731981711
139  0.001935  0  0.5262  0.00367728414484169  0  0.999993238767802  270  89.7893066635823
140  0.001965  0  0.5262  0.0037342955131625  0  0.999993027494202  270  89.7860401303621
141  0.001995  0  0.5262  0.00379130684507013  0  0.999992812970377  270  89.782773598534
142  0.002025  0  0.5262  0.00384831814000869  0  0.999992595196331  270  89.7795070681183
143  0.002055  0  0.5262  0.00390532939742229  0  0.999992374172072  270  89.7762405391356
144  0.002085  0  0.5262  0.00396234061675505  0  0.999992149897606  270  89.7729740116084
145  0.002115  0  0.5262  0.0040193517974511  0  0.99999192237294  270  89.7697074855562
146  0.002145  0  0.5262  0.00407636293895455  0  0.99999169159808  270  89.7664409610002
147  0.002175  0  0.5262  0.00413337404070952  0  0.999991457573033  270  89.7631744379637
148  0.002205  0  0.5262  0.00419038510216013  0  0.999991220297806  270  89.7599079164668
149  0.002235  0  0.5262  0.00424739612275053  0  0.999990979772406  270  89.7566413965299
